15 15
9 2 14 14 3 2 11 4 13 6 14 9 7 7 2 
4 10 7 2 1 13 12 3 1 10 2 5 1 6 7 
-1
0 0 1 1 0 1 0 1 0 1 0 1 1 0 1 
0 0 1 1 0 1 1 1 0 1 0 1 0 0 1 
0 0 0 1 0 0 1 1 0 0 0 1 0 0 1 
0 1 0 1 0 0 0 0 0 1 0 1 0 0 1 
1 0 1 1 0 0 1 1 0 1 0 1 0 0 1 
0 1 1 0 0 0 1 1 0 0 1 0 0 0 1 
0 0 0 1 0 1 0 1 0 1 0 1 0 0 1 
0 0 0 1 0 1 1 1 0 0 0 1 0 0 1 
0 0 1 1 0 0 0 0 0 0 1 1 0 1 1 
0 1 1 0 0 0 0 1 0 0 0 1 0 0 1 
0 0 1 0 1 1 1 1 0 0 0 1 0 0 1 
0 0 0 1 0 1 1 0 0 0 0 0 1 1 0 
0 0 1 0 0 0 0 1 0 1 0 1 0 0 1 
1 0 1 1 0 1 0 0 1 1 0 1 0 0 1 
0 1 1 0 0 0 1 1 0 1 1 0 0 1 1 