20 20
17 19 8 3 17 18 15 16 2 16 12 8 5 2 11 12 5 11 10 7 
10 16 6 17 16 18 5 2 10 7 4 16 13 2 16 17 16 12 11 14 
-1
1 1 1 0 1 0 0 0 1 1 0 1 1 1 0 0 0 1 0 1 
1 1 0 0 0 0 0 0 1 0 1 1 1 1 0 0 0 1 0 1 
0 1 0 1 1 0 1 0 1 0 0 1 1 0 0 0 0 1 0 1 
0 1 0 0 0 0 1 0 1 1 1 1 0 0 0 0 0 0 0 1 
1 1 1 0 0 0 0 1 1 0 0 1 1 0 0 0 0 1 1 1 
0 1 1 0 0 0 1 0 1 0 0 1 1 0 0 0 0 1 0 1 
0 1 0 0 0 1 0 0 1 0 0 1 0 0 0 0 1 0 0 1 
1 1 1 1 1 0 0 0 1 0 0 1 1 1 0 1 0 1 0 1 
1 1 0 0 0 0 0 0 1 0 0 1 1 0 0 1 0 1 0 1 
0 1 1 1 0 0 1 0 1 0 0 0 0 0 0 1 1 1 0 1 
1 1 0 1 0 0 0 0 1 0 0 1 0 0 0 0 0 0 0 1 
0 1 0 0 0 0 0 0 1 1 0 0 0 0 1 0 0 1 0 1 
0 1 0 0 0 0 1 0 1 0 0 1 1 0 0 0 0 1 0 1 
0 1 0 1 0 0 0 0 1 1 1 1 0 0 0 0 0 0 0 1 
0 1 1 0 1 1 0 0 1 0 0 1 0 0 0 0 0 1 0 1 
0 0 1 0 1 1 0 0 1 0 0 1 0 1 0 0 0 1 0 1 
0 1 0 0 1 0 0 0 1 0 0 1 1 0 0 1 0 1 0 1 
0 0 0 0 1 1 0 0 0 1 1 1 1 0 0 0 1 1 0 1 
1 0 0 0 1 1 0 0 1 0 0 1 0 0 0 0 0 1 0 1 
0 1 0 0 1 0 0 0 1 1 0 1 0 0 0 0 0 1 0 0 