25 25
22 4 21 22 11 19 2 16 10 8 20 16 3 8 16 24 8 3 18 24 17 15 17 10 12 
16 8 3 5 22 3 15 21 8 16 19 15 18 12 4 18 1 13 16 10 16 10 21 20 23 
-1
0 1 0 1 0 0 1 0 0 0 1 0 1 1 1 0 1 1 0 0 1 0 0 1 0 
0 1 0 0 0 0 0 1 1 0 1 1 1 0 0 0 1 0 0 1 0 0 0 0 1 
1 1 1 1 1 0 0 0 0 0 1 0 0 0 0 1 1 0 0 1 1 0 0 0 0 
0 0 1 1 0 0 0 1 0 0 1 1 1 0 0 1 1 0 0 1 0 0 0 1 0 
1 1 0 0 1 0 0 0 0 0 1 1 1 0 1 1 1 0 0 0 0 1 0 0 1 
1 1 0 0 0 0 0 1 0 1 1 0 1 0 0 0 1 1 1 1 0 0 1 0 0 
0 0 1 1 0 1 0 0 0 0 1 1 1 1 0 1 1 1 1 1 1 0 0 0 1 
1 0 1 1 0 0 0 1 1 0 1 0 1 0 1 1 1 0 0 0 0 0 1 0 0 
1 0 0 0 0 1 0 0 0 0 1 0 1 0 0 1 1 0 0 1 0 0 0 1 1 
1 0 1 1 0 0 1 0 1 1 1 1 0 0 0 1 0 1 0 0 1 1 0 1 0 
0 0 1 1 1 1 1 0 0 0 1 1 1 1 0 1 1 1 0 1 1 0 1 1 1 
0 0 1 1 0 0 0 0 1 1 1 0 0 1 0 0 1 0 0 1 0 1 0 1 1 
0 1 1 0 0 0 0 1 1 0 1 1 1 0 1 0 1 0 1 1 1 0 0 0 1 
0 1 0 1 0 0 0 0 1 0 1 1 1 0 0 1 1 0 0 1 1 0 0 0 1 
0 1 0 0 0 1 1 0 0 1 1 1 1 0 0 1 0 0 0 0 0 0 1 1 1 
0 1 1 0 0 0 0 0 0 0 1 0 1 0 0 0 1 0 0 0 0 0 0 0 1 
1 0 1 1 0 0 0 0 0 1 0 1 1 0 1 1 1 0 0 1 0 0 0 0 0 
0 0 1 1 0 1 0 0 0 0 1 1 1 0 1 1 1 0 0 1 0 0 1 0 1 
1 0 1 1 1 0 0 1 1 0 1 0 1 0 0 1 1 0 1 1 1 0 0 1 1 
0 0 0 1 0 1 1 0 0 0 0 0 1 1 0 1 1 0 0 0 0 1 0 0 0 
0 0 1 0 0 0 0 0 0 0 0 0 0 0 0 1 1 0 1 1 0 0 0 1 0 
0 1 1 1 1 0 1 0 0 1 1 1 1 1 0 0 1 0 0 1 1 0 0 1 1 
0 0 1 0 1 0 0 1 0 0 1 1 1 0 0 0 1 0 0 1 1 0 1 0 0 
0 1 0 0 0 0 0 0 0 0 1 0 1 0 0 0 1 1 0 1 1 0 0 1 1 
0 0 1 1 1 0 1 0 1 0 1 0 1 0 1 0 1 0 0 1 1 1 0 0 1 
