35 35
2 33 10 26 29 13 34 11 29 25 1 8 24 24 18 26 1 22 29 21 30 34 15 6 8 4 12 20 4 9 9 31 6 26 32 
24 1 19 11 7 1 15 2 23 2 3 21 21 27 22 20 17 26 6 23 6 1 17 31 5 6 8 18 18 21 31 19 13 5 22 
-1
0 1 0 1 1 1 1 0 1 1 0 1 0 0 1 0 1 1 0 1 1 0 0 0 0 1 1 0 1 0 1 1 1 0 0 
1 1 0 0 1 0 1 1 1 0 0 0 0 1 1 1 1 1 0 1 1 0 1 1 1 1 1 0 0 1 1 1 1 1 0 
1 1 0 0 1 1 0 1 0 1 0 1 0 1 1 1 1 1 0 1 1 1 1 0 0 1 1 0 1 0 1 1 1 1 0 
0 1 0 0 1 0 0 0 1 0 0 0 0 1 0 0 1 1 0 0 1 1 0 0 0 1 1 0 0 0 1 1 1 1 0 
1 1 1 0 0 1 0 0 1 1 0 1 1 1 1 0 1 1 1 0 0 0 0 0 1 1 1 0 1 1 1 1 1 0 0 
0 0 1 0 1 0 1 1 1 0 0 1 1 0 1 0 1 1 1 0 0 1 1 1 0 1 1 0 1 0 1 1 1 0 1 
1 0 1 1 1 0 1 0 1 0 0 0 1 1 1 1 0 0 1 1 1 1 1 0 0 1 1 0 1 1 1 1 1 0 0 
1 1 0 1 1 0 0 1 0 1 1 1 0 1 1 1 1 1 0 1 0 0 1 1 0 1 0 1 0 0 1 1 1 0 0 
1 1 1 0 1 1 1 0 1 0 0 0 0 1 1 1 1 0 1 0 0 0 1 1 1 1 1 1 0 1 1 1 1 1 0 
1 0 0 1 1 1 0 1 0 0 0 0 0 1 1 1 1 0 1 1 1 1 1 0 1 1 0 1 1 1 1 1 1 1 0 
0 1 0 1 0 0 1 1 1 1 1 0 1 1 1 0 1 0 1 1 0 0 1 1 1 1 0 0 1 1 1 1 1 0 0 
1 0 0 1 1 1 1 0 1 1 0 1 0 0 0 0 1 1 1 1 0 1 0 0 0 1 0 0 1 0 1 1 1 1 0 
1 1 0 0 1 1 1 0 0 0 0 0 0 1 1 1 1 1 1 1 0 1 0 0 0 1 1 0 1 1 1 1 1 0 0 
1 0 0 1 1 1 1 1 1 0 0 0 0 0 1 1 1 0 1 1 0 1 1 1 1 0 1 0 1 1 0 1 0 1 1 
1 1 0 0 0 0 0 1 1 0 0 0 1 0 1 1 1 0 1 1 0 0 1 1 1 1 1 1 1 1 1 0 1 0 0 
1 1 1 1 0 1 1 0 0 0 1 1 0 1 1 0 1 0 1 0 0 0 1 1 0 1 1 0 1 1 1 1 1 0 0 
1 0 1 0 1 1 1 0 1 0 1 0 1 1 1 1 1 1 1 1 0 1 0 1 1 1 1 0 1 0 1 1 1 0 0 
1 0 0 0 1 1 1 1 1 0 0 0 0 1 1 1 1 0 1 1 0 0 1 0 0 1 1 0 0 0 1 1 0 0 0 
1 0 0 0 1 0 1 1 0 0 0 1 1 1 0 1 0 0 0 1 0 0 0 0 1 1 1 0 1 0 1 1 1 1 0 
1 1 1 1 1 0 1 0 0 0 0 1 0 1 1 1 1 1 0 0 0 1 1 0 1 1 0 0 1 1 1 1 0 1 0 
0 1 0 0 1 0 1 1 1 0 0 1 0 1 1 0 1 1 1 1 0 1 1 0 0 1 0 0 1 1 1 1 1 0 0 
1 0 1 1 0 0 1 1 1 0 0 0 0 1 1 1 1 0 1 0 0 1 1 1 1 1 0 0 0 0 1 0 1 0 0 
1 1 0 0 1 0 1 0 1 0 0 0 0 1 1 0 0 1 0 1 0 1 1 0 0 1 0 0 1 1 1 1 1 0 0 
1 1 1 1 1 0 1 1 0 1 1 1 1 1 1 1 1 1 1 0 0 0 0 0 0 1 1 0 1 1 1 1 1 0 0 
1 0 0 0 1 1 1 0 1 1 0 1 0 1 1 1 1 1 0 1 1 1 1 1 1 1 1 1 0 0 0 1 1 1 0 
0 0 0 1 1 0 0 1 1 1 0 1 0 1 1 1 1 1 0 1 0 0 1 0 1 1 1 1 1 0 1 1 1 0 0 
1 0 0 0 1 0 0 0 1 0 0 0 0 1 1 1 1 1 1 0 1 1 1 1 1 1 1 0 1 0 1 1 1 0 0 
1 1 1 1 1 1 1 0 1 0 0 0 1 1 1 1 1 0 0 0 0 1 1 1 1 1 1 0 1 0 1 1 1 0 0 
1 0 0 1 1 0 0 1 1 1 0 1 0 1 1 0 1 1 1 1 0 1 1 1 1 1 1 1 1 1 0 1 1 1 0 
1 0 1 0 1 1 1 1 1 0 1 1 1 1 1 1 1 0 0 1 1 1 1 0 1 1 0 1 1 1 1 1 1 0 1 
0 0 0 1 0 0 0 1 1 1 0 0 1 1 1 1 0 0 1 1 0 1 1 0 1 1 1 0 0 1 1 1 1 1 0 
1 0 0 0 1 0 1 1 0 0 0 1 1 1 1 0 1 0 1 0 0 1 0 1 0 1 0 0 1 1 1 1 1 0 0 
1 0 0 1 1 0 0 0 1 0 0 1 1 1 1 1 1 1 1 1 0 0 1 1 1 0 1 0 1 0 1 1 1 0 0 
1 1 0 1 0 0 1 1 0 0 0 0 0 1 1 1 1 1 1 0 0 1 0 1 1 1 1 1 1 0 1 1 1 0 0 
1 1 0 1 1 0 1 1 1 1 1 0 1 1 1 0 1 0 1 1 0 0 1 0 1 1 0 0 1 0 0 1 1 1 0 
